381.277405	3.945787
382.449768	3.952425
383.629333	3.958910
384.816223	3.965240
386.010468	3.971414
387.212189	3.977430
388.421387	3.983288
389.638153	3.988985
390.862579	3.994521
392.094727	3.999894
393.334656	4.005103
394.582458	4.010148
395.838196	4.015027
397.101959	4.019739
398.373810	4.024283
399.653870	4.028660
400.942108	4.032867
402.238739	4.036905
403.543762	4.040773
404.857300	4.044470
406.179382	4.047996
407.510193	4.051351
408.849670	4.054535
410.198059	4.057547
411.555267	4.060387
412.921570	4.063055
414.296967	4.065551
415.681549	4.067876
417.075378	4.070029
418.478668	4.072012
419.891357	4.073823
421.313660	4.075464
422.745605	4.076936
424.187347	4.078238
425.638916	4.079370
427.100494	4.080336
428.572113	4.081133
430.053955	4.081765
431.545990	4.082231
433.048523	4.082532
434.561462	4.082670
436.085114	4.082645
437.619385	4.082459
439.164551	4.082113
440.720612	4.081608
442.287781	4.080945
443.866119	4.080126
445.455811	4.079152
447.056824	4.078025
448.669495	4.076746
450.293793	4.075317
451.929932	4.073740
453.577942	4.072015
455.238098	4.070145
456.910339	4.068132
458.595032	4.065977
460.292084	4.063682
462.001801	4.061248
463.724274	4.058679
465.459625	4.055975
467.208008	4.053139
468.969574	4.050173
470.744476	4.047079
472.532867	4.043858
474.334900	4.040513
476.150696	4.037046
477.980530	4.033459
479.824371	4.029754
481.682556	4.025933
483.555237	4.021998
485.442474	4.017952
487.344482	4.013797
489.261536	4.009535
491.193665	4.005168
493.141113	4.000698
495.104065	3.996128
497.082764	3.991460
499.077240	3.986696
501.087891	3.981838
503.114746	3.976888
505.158112	3.971849
507.218079	3.966723
509.294983	3.961513
511.388855	3.956219
513.500122	3.950846
515.628845	3.945394
517.775330	3.939866
519.939758	3.934265
522.122375	3.928592
524.323303	3.922850
526.542969	3.917040
528.781372	3.911166
531.039063	3.905229
533.315979	3.899231
535.612610	3.893175
537.929016	3.887062
540.265564	3.880895
542.622498	3.874676
545.000122	3.868406
547.398621	3.862089
549.818420	3.855725
552.259644	3.849317
554.722656	3.842867
557.207642	3.836378
559.715149	3.829850
562.245239	3.823286
564.798340	3.816688
567.374634	3.810057
569.974731	3.803396
572.598572	3.796707
575.246826	3.789991
577.919556	3.783250
580.617371	3.776486
583.340393	3.769701
586.089172	3.762897
588.863892	3.756075
591.665039	3.749236
594.492920	3.742384
597.348022	3.735519
600.230652	3.728643
603.141296	3.721757
606.080200	3.714864
609.047974	3.707965
612.044922	3.701062
615.071594	3.694155
618.128235	3.687247
621.215454	3.680339
624.333618	3.673433
627.483276	3.666530
630.664917	3.659631
633.878906	3.652739
637.125854	3.645853
640.406311	3.638977
643.720581	3.632110
647.069458	3.625255
650.453308	3.618412
653.872742	3.611584
657.328308	3.604771
660.820679	3.597975
664.350220	3.591196
667.917786	3.584436
671.523804	3.577697
675.168945	3.570980
678.853943	3.564284
682.579346	3.557613
686.345886	3.550967
690.154175	3.544346
694.005005	3.537752
697.899048	3.531187
701.837036	3.524651
705.819763	3.518145
709.847900	3.511671
713.922241	3.505228
718.043701	3.498819
722.213013	3.492444
726.430969	3.486104
730.698486	3.479800
735.016479	3.473534
739.385742	3.467305
743.807312	3.461115
748.282104	3.454964
752.811035	3.448854
757.395142	3.442786
762.035400	3.436759
766.732849	3.430775
771.488647	3.424835
776.303772	3.418940
781.179321	3.413090
786.116577	3.407286
791.116577	3.401528
796.180603	3.395819
801.309937	3.390157
806.505737	3.384544
811.769409	3.378981
817.102173	3.373468
822.505493	3.368006
827.980774	3.362596
833.529419	3.357238
839.152832	3.351933
844.852722	3.346681
850.630676	3.341483
856.488098	3.336340
862.426758	3.331253
868.448364	3.326222
874.554565	3.321247
880.747375	3.316330
887.028442	3.311470
893.399780	3.306669